0.9229942,0.48056003,0.543867,0.655098,0.6043608,0.6599159,0.4569658,0.5926236,0.46242464,0.57107997,0.36698472,0.49111983,0.47212595,0.49165404,0.4213435,0.3603852,0.6880799,0.87199014,0.7727962,0.73679787,0.5562684,0.54527366,0.5188736,0.59441924,0.57489645,0.5308245,0.5231698,0.50225323,0.5240954,0.52857137,0.52813077,0.5325296,0.44486043,0.5157803,0.50899756,0.5159831,0.5045945,0.6504915,0.52758014,0.60942465,0.46620247,0.4713184,0.5190698,0.4664468,0.49608657,0.5778885,0.4923402,0.46745712,0.55729264,0.55557805,0.58385915,0.5749515,0.64867413,0.7907469,0.6318389,0.7082384,0.540614,0.4637412,0.520898,0.48790014,0.59205043,0.53489554,0.566013,0.6336441,0.620248,0.51115775,0.558958,0.49235,0.59057134,0.5662089,0.6439594,0.62543786,0.54407734,0.57393235,0.51816815,0.5531143,0.522534,0.506165,0.4750111,0.5523799,0.6177411,0.49770376,0.4333563,0.5070926,0.51658845,0.45701602,0.6209858,0.46726742,0.49701753,0.6269357,0.5417686,0.48196667,0.569761,0.55091596,0.50976896,0.5232289,0.54653937,0.46288148,0.4503844,0.47961,0.43713337,0.64178824,0.54684025,0.42875996,0.5953985,0.43572894,0.41582194,0.63202775,0.59105694,0.5220994,0.60168123,0.6632121,0.59138435,0.4990211,0.555334,0.57069904,0.6092102,0.52465117,0.5220622,0.5008743,0.5343614,0.5599421,0.5628148,0.46596003,0.60266185,0.569499,0.49059772,0.60314244,0.62918437,0.57046884,0.5296308,0.5019938,0.4936034,0.50467736,0.4570931,0.49609607,0.4688212,0.51813596,0.5317996,0.5516833,0.46977818,0.5894129,0.42659506,0.53976077,0.6629809,0.5254695,0.49740198,0.5734792,0.54960567,0.5022533,0.5545658,0.52114016,0.5664933,0.58928293,0.47540846,0.48460668,0.4886132,0.50895256,0.47022742,0.43296683
0.56322485,0.37405238,0.40895087,0.4989997,0.4252769,0.4814932,0.41843483,0.40098426,0.4038966,0.43273255,0.33670545,0.3109616,0.3069334,0.33085793,0.31624243,0.33446208,0.4166367,0.4655633,0.39567062,0.35804364,0.35238865,0.32902977,0.35100704,0.3536938,0.5099588,0.45096278,0.3893495,0.4749547,0.46655488,0.37350562,0.34120178,0.29497194,0.255493,0.3296457,0.30351022,0.39121237,0.33988693,0.39021263,0.37837,0.38543636,0.35801044,0.33124396,0.34800488,0.35970277,0.31798854,0.40697616,0.3935348,0.30424088,0.37226808,0.35830474,0.38606623,0.33837414,0.4642893,0.46543932,0.39831764,0.5045392,0.42679226,0.26635912,0.31507432,0.33517003,0.4212911,0.4018738,0.44905654,0.44673625,0.41216722,0.41419557,0.3330205,0.33757234,0.3735491,0.4009766,0.46767008,0.47014284,0.4494735,0.35988072,0.32838184,0.32239988,0.33590806,0.45647445,0.36566827,0.4198609,0.45123687,0.43354982,0.30170387,0.3915276,0.36958605,0.3880878,0.42567343,0.34310436,0.33106646,0.42695063,0.38691813,0.3873968,0.4558507,0.3500999,0.31935835,0.40042165,0.38496765,0.3873355,0.40928304,0.410105,0.37983334,0.42845857,0.38399988,0.3192414,0.5012439,0.30604562,0.3393703,0.440318,0.37420583,0.41893768,0.48234153,0.4805903,0.43554404,0.43550694,0.43935448,0.4469471,0.44374803,0.44911066,0.46366313,0.35856524,0.32266676,0.37074503,0.40617043,0.36807045,0.46636325,0.43175516,0.37564325,0.4832833,0.4907069,0.42604503,0.42270806,0.4128035,0.42441326,0.4410017,0.4703715,0.4109254,0.3855636,0.3761663,0.3614864,0.37108198,0.37956426,0.44460326,0.31206736,0.35468143,0.44763476,0.346032,0.3706174,0.45577455,0.4504938,0.39519763,0.36904818,0.3951214,0.4379246,0.42790824,0.37401563,0.31120828,0.3607818,0.37966678,0.39341632,0.29632995
0.6524785,0.5279684,0.8211509,0.67221475,0.7920363,0.6259314,0.62328047,0.53314126,0.3529881,0.4217665,0.36454314,0.43865734,0.40270257,0.4234211,0.6916179,0.43074718,0.4859759,0.60896,0.387691,0.5734411,0.40764958,0.45306355,0.4091169,0.4083842,0.49763066,0.42663917,0.48118505,0.43298554,0.3957859,0.43126994,0.45523208,0.39358965,0.45521605,0.40697375,0.41631588,0.40319556,0.5557686,0.51950306,0.37477514,0.41365242,0.41554448,0.39358535,0.50594914,0.41782185,0.4281012,0.4459281,0.515555,0.52719855,0.4370998,0.3643988,0.469462,0.40448114,0.46891013,0.42160255,0.5757222,0.45561397,0.4103074,0.34362483,0.3578097,0.38195595,0.44679356,0.4949986,0.51266575,0.57816184,0.47399846,0.55475533,0.46685982,0.47114676,0.48857343,0.46598923,0.4850627,0.5773003,0.45222157,0.46985808,0.4960782,0.5421189,0.41030994,0.4275787,0.42874926,0.4483465,0.49531847,0.55168736,0.43751407,0.45561197,0.55622405,0.34511694,0.49148646,0.3987478,0.40996143,0.35676655,0.4037138,0.43511856,0.4406312,0.4313434,0.3881149,0.42510328,0.5469304,0.48891997,0.53780013,0.5338428,0.45594725,0.5889048,0.5996121,0.39047816,0.4003238,0.41801476,0.39842793,0.38340613,0.39522457,0.5150425,0.5251973,0.54976314,0.42137897,0.39444157,0.39944047,0.38799146,0.5428372,0.4162835,0.461342,0.37787077,0.445253,0.4645651,0.5098106,0.42879772,0.44382322,0.40537912,0.45598525,0.49916965,0.63557297,0.4898407,0.41947883,0.4409201,0.42600653,0.52958316,0.46306425,0.5399395,0.3774406,0.5737017,0.55757606,0.6260558,0.37521812,0.4289968,0.3940925,0.39684254,0.3814587,0.44419262,0.41795483,0.41439208,0.40735582,0.39219257,0.47994694,0.47532135,0.4325168,0.46829474,0.52752894,0.450258,0.51054984,0.47626102,0.515262,0.40594745
0.33640003,0.32896233,0.42574447,0.4837793,0.42650178,0.4451615,0.36009413,0.37398916,0.36142188,0.38930765,0.3672009,0.41087022,0.35640004,0.42904237,0.30365708,0.33190957,0.38859168,0.40059954,0.3385337,0.38853544,0.38841766,0.40065324,0.48216903,0.48423663,0.4287527,0.42852774,0.4181012,0.44314897,0.4451357,0.44155306,0.41254926,0.41547537,0.36667103,0.42808646,0.3797297,0.39852762,0.44555312,0.43739566,0.40915018,0.4253363,0.41960943,0.4334816,0.43830702,0.38323742,0.37748036,0.3791011,0.52210915,0.44416767,0.4084601,0.4255042,0.4101174,0.397037,0.44286937,0.4997501,0.4105254,0.45129642,0.42471176,0.37446555,0.38897073,0.40705568,0.3592777,0.4426852,0.49983788,0.5303485,0.45075586,0.48464605,0.47167504,0.40967053,0.40184793,0.3669452,0.37811393,0.45414665,0.45729908,0.47513208,0.40746808,0.45260268,0.4457438,0.4038536,0.3989414,0.4572535,0.45313713,0.5077916,0.4237896,0.4307645,0.46308136,0.42980546,0.4271229,0.44313586,0.3060994,0.4001992,0.33872762,0.40558526,0.4578984,0.41385877,0.4076775,0.415406,0.41400003,0.50559384,0.46703613,0.3861268,0.4004865,0.35414624,0.5085254,0.44528225,0.4196839,0.3601901,0.30131426,0.40999386,0.30392173,0.38408867,0.4610942,0.4635543,0.45504606,0.43447798,0.35614464,0.39382994,0.42839268,0.45903596,0.38806364,0.42424682,0.45690402,0.4542363,0.43497106,0.40211535,0.3887584,0.35942915,0.3916605,0.47497296,0.50413483,0.43048608,0.40543094,0.33695936,0.3666091,0.34776872,0.4504719,0.4081424,0.38344935,0.4439128,0.41979337,0.44089988,0.39614612,0.4010479,0.31941715,0.29676247,0.379582,0.27521965,0.39003175,0.4227924,0.38148603,0.44695172,0.36000913,0.4851351,0.39415523,0.42950466,0.4608377,0.48749468,0.45208442,0.36986724,0.47392353,0.41780108
0.5699275,0.5889317,0.23280889,0.25247487,0.22292134,0.21662429,0.227363,0.2613866,0.22933967,0.3941758,0.23908,0.28775892,0.25122136,0.2559291,0.22430119,0.27494875,0.30519718,0.3461047,0.31399566,0.2695546,0.29713973,0.22246033,0.23747653,0.22542655,0.25424245,0.28003117,0.26273146,0.2640728,0.27658805,0.2129993,0.2176602,0.2161726,0.23354511,0.25839338,0.25579157,0.30040795,0.30287713,0.29400313,0.2731493,0.24070127,0.26599324,0.24215968,0.23377775,0.21184723,0.26574948,0.23746079,0.27651832,0.2535957,0.25108352,0.22993399,0.26059827,0.23113318,0.2938122,0.32296494,0.25090826,0.3021481,0.23619919,0.25485197,0.21442874,0.21566804,0.24731335,0.27262926,0.26356977,0.2687957,0.23712075,0.2620843,0.21353325,0.23996289,0.24414356,0.22682273,0.27237073,0.22368334,0.2493964,0.26654074,0.24459316,0.27658087,0.23761347,0.33624262,0.2789329,0.226446,0.23747744,0.24536051,0.22646505,0.22153668,0.24610609,0.25463954,0.2609138,0.25779933,0.2433427,0.25830445,0.22778891,0.272108,0.28738946,0.22425115,0.21598658,0.24358907,0.23305342,0.21071066,0.22259139,0.23946498,0.2261537,0.2334084,0.22501491,0.23166002,0.25941485,0.25748685,0.25195518,0.25898,0.18276446,0.2202934,0.23350747,0.22117464,0.24062853,0.26399776,0.22360292,0.24627982,0.22215651,0.23231032,0.24229021,0.22870237,0.2334259,0.26774997,0.23376203,0.22198433,0.2389554,0.23130879,0.23232454,0.25684044,0.22236961,0.23225376,0.23548126,0.21696962,0.21615334,0.20588054,0.24997218,0.24145293,0.23843604,0.24929532,0.2447703,0.22062525,0.20835774,0.26898935,0.26592672,0.2583089,0.2581639,0.18168627,0.22335891,0.24024981,0.21354556,0.26161832,0.26258716,0.2652976,0.26664382,0.24773027,0.2713731,0.26969233,0.286836,0.25635526,0.2485532,0.24933657
0.36832383,0.31480703,0.26047856,0.30912933,0.27743784,0.27597928,0.32546523,0.3474408,0.28989664,0.36875868,0.2879703,0.29051128,0.28804147,0.28836694,0.31798446,0.3429986,0.35609576,0.39166632,0.3503248,0.3281634,0.33821493,0.27712682,0.25768572,0.26046106,0.30836955,0.344867,0.28835067,0.28855976,0.31592923,0.23388106,0.27389202,0.27605328,0.30497462,0.2969765,0.2948475,0.30411208,0.32960513,0.3061041,0.30582327,0.29814702,0.27297416,0.31456366,0.3058093,0.30760106,0.32027364,0.30816254,0.3115328,0.2965622,0.3034627,0.28348547,0.38975146,0.29733613,0.31835493,0.28887036,0.32812425,0.31763408,0.2732163,0.2550558,0.27447295,0.29828995,0.30320913,0.28527838,0.33691895,0.28182983,0.26467597,0.31530783,0.28985336,0.30210388,0.26781583,0.26489714,0.30941588,0.2571491,0.29251775,0.32359332,0.28639007,0.33728448,0.2993274,0.31477454,0.27941638,0.31032732,0.3250578,0.2981858,0.29832244,0.29078925,0.28033552,0.31869283,0.29294324,0.30419478,0.30221787,0.3108486,0.27594668,0.3087541,0.39434853,0.30487397,0.26099613,0.33482495,0.30983958,0.28787977,0.28793034,0.3332666,0.30569723,0.29298857,0.28495926,0.28695846,0.3233591,0.28952754,0.30419928,0.3062492,0.26340586,0.2840417,0.32192388,0.29505038,0.29935792,0.27598533,0.25638634,0.31371015,0.27040038,0.30366963,0.30535164,0.3486373,0.3041433,0.38680512,0.3055117,0.29583707,0.3406222,0.31160086,0.29903784,0.3322062,0.26719224,0.28601202,0.30811295,0.28177124,0.28657818,0.24132319,0.3004931,0.31303823,0.33683792,0.29027182,0.36803716,0.28008324,0.2639902,0.28850025,0.29906058,0.29414585,0.30673897,0.2542107,0.2746496,0.28686813,0.33458927,0.30321595,0.30873835,0.28981987,0.33579522,0.274297,0.34296584,0.3008348,0.30209342,0.32008997,0.29328454,0.30646825
0.53825545,0.4465182,0.23530112,0.26587933,0.25675806,0.22824764,0.26003945,0.31306547,0.22550677,0.413425,0.24361031,0.27375603,0.2726273,0.23646416,0.2393382,0.28386334,0.32527423,0.38150814,0.33121654,0.27813107,0.31275266,0.19598526,0.21398209,0.23702547,0.26766074,0.30168355,0.25757235,0.23462392,0.2651292,0.22697143,0.23296347,0.23080884,0.219765,0.25615516,0.2586416,0.3014982,0.30843395,0.2695203,0.31751853,0.2016487,0.24101828,0.2466352,0.26369384,0.19993307,0.24861446,0.25480598,0.2928791,0.23131245,0.23279256,0.23663,0.25977263,0.24410903,0.30798516,0.37133896,0.3216093,0.35072717,0.18721865,0.20599912,0.21301806,0.22564377,0.28321797,0.23716778,0.25415865,0.25999615,0.23610254,0.23029606,0.21455692,0.22383943,0.22155063,0.20447095,0.2793401,0.24099219,0.23536538,0.22655447,0.23388691,0.25937214,0.26742396,0.35117185,0.28152654,0.2459149,0.2771529,0.24971801,0.23586933,0.24337044,0.19231452,0.24314791,0.30390534,0.3015449,0.26395908,0.32213634,0.1993291,0.25574094,0.29146552,0.26692754,0.21679518,0.23327844,0.25177363,0.21518673,0.22716995,0.24692059,0.23093171,0.259061,0.24659921,0.25960988,0.2858417,0.28242075,0.30854148,0.29630196,0.17760542,0.22547899,0.25168926,0.22569726,0.23167153,0.23373728,0.21165302,0.27250314,0.23688833,0.24818881,0.20366885,0.23205084,0.24556647,0.29358035,0.236872,0.22057897,0.29403576,0.2638589,0.23862873,0.2742291,0.23676935,0.2452072,0.24491976,0.19964154,0.23129368,0.2287152,0.26133063,0.22637697,0.2385606,0.23275237,0.25121164,0.22289525,0.21912484,0.30040735,0.30435234,0.26131755,0.31007034,0.17538168,0.21476802,0.23789354,0.24428707,0.24186246,0.2537268,0.23698233,0.2714517,0.22101977,0.27722237,0.26236367,0.27963787,0.2665376,0.27294236,0.25259733
0.333024,0.3004787,0.25370622,0.2775155,0.27670678,0.24695453,0.23929653,0.291233,0.24504873,0.3886601,0.25342375,0.2952498,0.26003364,0.29294208,0.27425846,0.26809874,0.33763796,0.36753145,0.3461782,0.2635297,0.3080498,0.2738608,0.27485293,0.25910702,0.2487097,0.2945978,0.313313,0.2992965,0.29860896,0.21971491,0.249091,0.26725248,0.22771928,0.28562963,0.24937388,0.2882821,0.30596504,0.2770933,0.2960691,0.2208596,0.27859375,0.26583415,0.2815434,0.21515895,0.2699303,0.25971633,0.29148588,0.29031447,0.27513263,0.2802779,0.29313082,0.25543004,0.2850453,0.43709403,0.25575426,0.30793306,0.2600423,0.262996,0.24549676,0.24900988,0.27895188,0.264741,0.26660478,0.2688022,0.2598241,0.26274845,0.2553487,0.24606785,0.25674766,0.26778793,0.2979394,0.29703274,0.28611982,0.29143175,0.28083345,0.2983585,0.26182625,0.3290355,0.27417383,0.23799802,0.27434027,0.25219312,0.25678,0.26144093,0.2598858,0.25916296,0.2707723,0.2914856,0.24108678,0.27775607,0.21360475,0.2802836,0.30161196,0.2701342,0.25580758,0.26092058,0.2622231,0.23291512,0.24533796,0.25642222,0.24050176,0.23182972,0.2259576,0.25740007,0.26849318,0.28477868,0.2734014,0.26219228,0.16744085,0.23154348,0.25414276,0.22980782,0.23490205,0.2584989,0.2610483,0.28803974,0.30779916,0.27542207,0.26466495,0.24185687,0.25900638,0.3136383,0.2432916,0.24130593,0.26393062,0.26138815,0.2404969,0.27123177,0.22749391,0.24626935,0.26503587,0.26362896,0.2645474,0.25615138,0.27894974,0.2603318,0.25038546,0.25536516,0.26515758,0.23058937,0.23805912,0.27776533,0.28186303,0.29674527,0.27560398,0.17977971,0.24704151,0.26673767,0.2545607,0.26710266,0.25637054,0.26508707,0.28290138,0.25817713,0.2897055,0.30289128,0.2963768,0.2676357,0.25571978,0.2833697
0.7126083,0.46425182,0.52074194,0.51158077,0.47035313,0.43946755,0.56163,0.50877124,0.37274945,0.41448197,0.35389945,0.39023042,0.43495122,0.38075814,0.60991985,0.41772836,0.45472416,0.6764298,0.46472743,0.4746114,0.34468102,0.32959488,0.34183466,0.30827257,0.32502863,0.31501934,0.36655775,0.37401086,0.38235468,0.39836696,0.42184368,0.38003534,0.39828113,0.3437407,0.37121207,0.31613666,0.40896037,0.39395013,0.2888567,0.35019475,0.28485584,0.2873181,0.3580383,0.3241863,0.2983546,0.3822239,0.33632043,0.36090866,0.34965575,0.3098557,0.3958016,0.38128167,0.40978515,0.43128923,0.45853412,0.3772649,0.44966155,0.24537812,0.3191489,0.35492834,0.35328838,0.34525535,0.37406582,0.4361299,0.41944784,0.41937426,0.36869758,0.35130885,0.3355051,0.34740886,0.34082755,0.44853863,0.39424226,0.41754034,0.366493,0.4179357,0.4256224,0.3420489,0.43414795,0.37792516,0.4144901,0.37703356,0.3461788,0.4563917,0.51314855,0.39052606,0.43293878,0.36970827,0.3609218,0.33207664,0.45115456,0.3168357,0.37140033,0.37082267,0.2681447,0.35459524,0.37945473,0.3521974,0.27171326,0.33439523,0.32795516,0.338299,0.4121501,0.33328757,0.3883534,0.31176323,0.3475301,0.3195702,0.46281648,0.38634193,0.3708067,0.48016563,0.4252574,0.4102666,0.38150853,0.36629087,0.43998843,0.37401867,0.4042238,0.33828145,0.33892342,0.4669137,0.5252571,0.38200295,0.41129816,0.42702195,0.39499867,0.4068552,0.5108323,0.5516407,0.47174278,0.39591882,0.37756726,0.45429125,0.42862234,0.41516542,0.3887607,0.412313,0.4780398,0.53058124,0.38991228,0.4174069,0.3462366,0.321156,0.33984318,0.48306504,0.32353464,0.32348177,0.40158007,0.3957496,0.44840127,0.36652914,0.3713457,0.47558683,0.5559645,0.42998397,0.46159485,0.45774493,0.36342958,0.36006156
0.6455825,0.3880743,0.44941652,0.43157768,0.5482435,0.6262526,0.40320653,0.3601178,0.34666315,0.48859325,0.41361415,0.36550573,0.33713892,0.37562245,0.41894397,0.4221292,0.35388094,0.60919976,0.42274213,0.52138644,0.3391269,0.42138654,0.44915542,0.43758917,0.4800455,0.4720035,0.5881192,0.51413786,0.5028596,0.44243056,0.4337321,0.42732242,0.37941912,0.37064913,0.37939116,0.28192306,0.43407834,0.5899466,0.33784708,0.4273767,0.39314947,0.47005787,0.4119549,0.43560135,0.40150285,0.48384047,0.5058187,0.54951835,0.45639426,0.45218632,0.56013983,0.48274347,0.45669347,0.4716017,0.5986635,0.3791407,0.42491555,0.4311573,0.55656946,0.50033337,0.40883592,0.42458716,0.6172013,0.67015004,0.6376465,0.53544587,0.46725473,0.4476995,0.49021825,0.4776116,0.48340505,0.57077354,0.4824802,0.48834348,0.4759976,0.48574698,0.50395477,0.5591845,0.59650826,0.40010336,0.4003481,0.5699614,0.4671996,0.59312344,0.6701303,0.47244832,0.4270615,0.4105371,0.46413815,0.3240888,0.4708503,0.4262783,0.53668255,0.45319456,0.3929291,0.47166088,0.5197034,0.5663755,0.6068929,0.5730322,0.58260185,0.60311764,0.6673114,0.5221179,0.42253053,0.40659446,0.45246565,0.3727216,0.50624645,0.51221097,0.56275725,0.67047983,0.5308474,0.4838804,0.4963948,0.5255074,0.5315136,0.49336982,0.5736476,0.44730696,0.61412746,0.6430332,0.6268498,0.48512033,0.4202101,0.43042925,0.46427977,0.5660068,0.7244487,0.6441613,0.6146595,0.5014632,0.5218968,0.5298759,0.49965867,0.58683544,0.56001204,0.68652207,0.6363503,0.7514422,0.41225985,0.4116468,0.39930788,0.46469212,0.38847068,0.5592565,0.4295368,0.45026192,0.47595063,0.48112214,0.50757986,0.58231854,0.5475867,0.6284521,0.59006214,0.53453374,0.5120908,0.57165545,0.58624107,0.42735896
0.5697827,0.5116946,0.54962254,0.8919673,0.8128941,0.7683996,0.44906858,0.45409054,0.3800136,0.44746372,0.41963828,0.44889185,0.45178202,0.4056456,0.43058604,0.43942544,0.4125504,0.45570967,0.35870534,0.5390599,0.42501262,0.41704628,0.5078662,0.44218123,0.58931094,0.49937433,0.56263417,0.43713227,0.4945046,0.54799056,0.4737966,0.48487896,0.44679964,0.47678956,0.49049854,0.39450935,0.45669672,0.5894366,0.5063675,0.5341373,0.5321009,0.62621945,0.66120875,0.529792,0.47222355,0.649474,0.586345,0.56154484,0.5018377,0.39791688,0.48981953,0.48320296,0.5074523,0.49864697,0.6109795,0.55466866,0.5458303,0.41303882,0.5457375,0.54800534,0.5348557,0.5327011,0.58235186,0.6975068,0.6033733,0.6117132,0.52032685,0.5733212,0.57325727,0.51905763,0.5158206,0.66988105,0.46815977,0.5207507,0.49020812,0.57192487,0.5626753,0.49123734,0.5417712,0.43921822,0.5412563,0.58318007,0.47166735,0.5296361,0.5752463,0.48440856,0.39251432,0.4458568,0.47499403,0.4459924,0.5133972,0.49295327,0.7019773,0.58421236,0.489,0.5856136,0.6648905,0.6310457,0.6393258,0.6429908,0.6351032,0.5799941,0.606837,0.5697717,0.52254987,0.42038417,0.4837522,0.5273267,0.5335788,0.55583733,0.71028155,0.6860552,0.6075613,0.522413,0.52009964,0.52778846,0.6680596,0.5068984,0.60316116,0.4934005,0.5092828,0.54299456,0.6614856,0.53077954,0.60833716,0.7033324,0.51385623,0.63994277,0.765591,0.7009909,0.63659096,0.51218474,0.4932493,0.6734901,0.5096943,0.6288154,0.5860875,0.59559304,0.599401,0.6850612,0.49283755,0.38336435,0.4314944,0.5406753,0.4909232,0.5529587,0.49441087,0.66876125,0.48744953,0.5117271,0.70254135,0.644013,0.59929174,0.6497146,0.6250825,0.5583625,0.6069419,0.6122732,0.58189064,0.41324556
0.5440382,0.54355514,0.43926883,0.4672537,0.4934542,0.55642956,0.4094892,0.464463,0.40365452,0.51736695,0.37589374,0.35684198,0.43583006,0.36839688,0.3002882,0.27176678,0.40845188,0.37338233,0.36864796,0.4197924,0.45940983,0.41941085,0.43669185,0.4313477,0.46490747,0.4114992,0.47942966,0.41214228,0.39591095,0.41488656,0.42292738,0.41536522,0.33005953,0.3888641,0.36839953,0.44056094,0.3734391,0.34894666,0.43711892,0.483675,0.39534327,0.39651415,0.44397116,0.37522793,0.39920223,0.47772107,0.46440056,0.35130352,0.37782636,0.41515723,0.44614387,0.35376126,0.46611667,0.6691965,0.47352993,0.52365404,0.47729054,0.33545065,0.376056,0.36323214,0.4800534,0.4024818,0.4046236,0.41879013,0.46020904,0.39890048,0.4019792,0.4275653,0.39232123,0.3391309,0.41285253,0.3980711,0.4822106,0.41705814,0.31935742,0.3536562,0.35863322,0.37021255,0.32406086,0.38528377,0.41846508,0.4807134,0.39493683,0.459326,0.4732378,0.385299,0.42781794,0.40276232,0.41240177,0.48292184,0.43341067,0.40844017,0.46142012,0.4171339,0.43292737,0.37583244,0.39039448,0.3321556,0.34227335,0.3443296,0.33198076,0.38488406,0.47295547,0.34676123,0.50447804,0.3657435,0.4069469,0.48622936,0.4798665,0.437112,0.4458262,0.45780903,0.40582192,0.41765153,0.3577861,0.37578034,0.42547607,0.46195698,0.414075,0.32328466,0.36973724,0.4171203,0.41467232,0.33401635,0.4198135,0.44634956,0.44742528,0.48316956,0.5073863,0.5093887,0.46186718,0.38979605,0.43484545,0.41414306,0.4661669,0.4887604,0.4387305,0.48377723,0.45996192,0.4433269,0.35122782,0.44141704,0.36819384,0.43876284,0.4853265,0.45919546,0.40315852,0.39645487,0.41740316,0.457762,0.4653694,0.4602045,0.4206697,0.47209585,0.4814389,0.4949119,0.51186943,0.46120894,0.4645317,0.4145874
0.77627736,0.72822785,0.7992539,0.67688054,0.8368052,0.64129806,0.88152,0.59366286,0.54729193,0.46774033,0.571195,0.4654792,0.60023665,0.47516558,0.86535114,0.6289994,0.58805245,0.9111067,0.53536004,0.88412416,0.48557487,0.46005496,0.4367431,0.46467862,0.52023697,0.39947507,0.4468707,0.49516737,0.46225592,0.5330737,0.490213,0.4153853,0.45208222,0.40623012,0.52733594,0.44073126,0.5341696,0.5130984,0.4049663,0.49302214,0.37511083,0.3924924,0.5639901,0.46697447,0.44758737,0.53762937,0.4634262,0.48093358,0.47370523,0.46397442,0.52682084,0.48430532,0.52862024,0.43414158,0.56316257,0.48099878,0.4493972,0.3639579,0.47077027,0.4817667,0.39657885,0.44952148,0.53046393,0.5708252,0.5011958,0.52084625,0.48300993,0.54560167,0.51262593,0.4834573,0.42667553,0.59301937,0.4708861,0.54296154,0.5323591,0.50814444,0.550225,0.44195446,0.4186755,0.5825065,0.539998,0.47557265,0.39947936,0.4666508,0.60912955,0.49045053,0.45850644,0.40866998,0.41298437,0.3544203,0.4901249,0.42141366,0.47740838,0.524036,0.4132458,0.514845,0.54359424,0.55295753,0.52112126,0.48444664,0.46409708,0.5397587,0.4997021,0.39490244,0.44182512,0.45914418,0.3727292,0.39195198,0.4566927,0.491298,0.47512263,0.522156,0.51366353,0.4631926,0.4564467,0.41829464,0.56589925,0.49279225,0.53711545,0.46639153,0.4640548,0.4214432,0.48667198,0.54120296,0.4576942,0.38100487,0.47520107,0.46079412,0.62086225,0.6082713,0.4524759,0.49699315,0.514502,0.62222874,0.48359683,0.60302883,0.49243426,0.5965335,0.5168056,0.6106351,0.49415013,0.45902213,0.46484974,0.41208333,0.3781288,0.4678818,0.40827814,0.40643853,0.36537516,0.41113222,0.471352,0.5179518,0.43629375,0.48533186,0.5335027,0.47884223,0.56681585,0.45557725,0.41966933,0.41683757
0.9272655,0.63415945,0.5164202,0.71575975,0.6232083,0.5355005,0.5081926,0.66944814,0.63860184,0.5116359,0.50709325,0.58647007,0.5377625,0.51919097,0.515663,0.45373288,0.7123394,0.7772403,0.73266906,0.5688935,0.5925677,0.5461539,0.6087302,0.5565914,0.61695206,0.5182252,0.50140786,0.4387525,0.4775396,0.5338967,0.5975826,0.59364414,0.47245017,0.53368205,0.537353,0.5874404,0.5125287,0.58375806,0.53085667,0.54531616,0.5480447,0.5358718,0.5926906,0.45137534,0.4997738,0.53855205,0.43948826,0.48470837,0.52639854,0.5307391,0.4854632,0.57055396,0.6870051,0.6392556,0.6887434,0.6781369,0.5182233,0.4711012,0.5027079,0.5156651,0.5185419,0.55561775,0.5742832,0.6319638,0.5522753,0.5137215,0.5390148,0.54983526,0.5431483,0.5351439,0.5666856,0.61468065,0.5727205,0.54790485,0.504793,0.53121495,0.5417785,0.49624357,0.47258097,0.5778495,0.5640068,0.46722493,0.537068,0.5187756,0.516191,0.49672174,0.6291854,0.49568164,0.5361452,0.59644765,0.51718354,0.55434614,0.5557589,0.6190222,0.6230705,0.49171847,0.55036426,0.5520287,0.5474929,0.5380572,0.5130908,0.54484683,0.47358632,0.50096625,0.6292042,0.42532796,0.47101253,0.56936836,0.5085382,0.53011787,0.5426854,0.6969987,0.50750154,0.49995893,0.51000696,0.503968,0.60398686,0.54761976,0.48029885,0.4908554,0.3988724,0.47716662,0.6119469,0.4924543,0.5255632,0.5635408,0.53853744,0.5700587,0.63332045,0.5266925,0.54836667,0.51123095,0.46827343,0.49247143,0.49159887,0.5050129,0.5296495,0.59039193,0.54185206,0.58576375,0.49679574,0.5910554,0.41644725,0.5268026,0.67028624,0.50980145,0.5256871,0.51182187,0.5693926,0.5176847,0.5508832,0.510309,0.5453401,0.6235677,0.5798018,0.53417903,0.5683841,0.55793977,0.44705862,0.5121654
0.7936094,0.43344575,0.7479535,0.5362453,0.7035971,0.5820292,0.67126495,0.57729244,0.39842993,0.45891172,0.44509983,0.5074033,0.45452517,0.4104272,0.6233045,0.43155518,0.57370627,0.6889943,0.46481842,0.71062714,0.4557072,0.4877232,0.4450165,0.44627982,0.43334252,0.38613933,0.4594865,0.4201169,0.38460356,0.44941348,0.49744582,0.4211221,0.50520796,0.4238027,0.50461197,0.4521713,0.5742361,0.50958717,0.40923238,0.4487886,0.432313,0.3543375,0.5499885,0.40947294,0.44419935,0.4943706,0.5118942,0.50132704,0.45471674,0.44093668,0.5089338,0.40878937,0.4684365,0.45360583,0.49355924,0.4481654,0.39641964,0.3575642,0.40987363,0.4561869,0.50551534,0.49728492,0.4826544,0.53331465,0.441381,0.55226946,0.5236167,0.50659615,0.5637848,0.49223945,0.50720805,0.5350135,0.45041284,0.4578308,0.48322952,0.4951635,0.40291035,0.49491358,0.40033916,0.44739583,0.5364837,0.50380844,0.3943996,0.42553586,0.51607484,0.38665095,0.5348929,0.4288604,0.42565107,0.45896095,0.50215435,0.46287215,0.4467911,0.4922545,0.40784407,0.5113026,0.5896408,0.55604565,0.5807341,0.5165291,0.4782459,0.57614064,0.5310714,0.43424773,0.44836226,0.44597661,0.41371,0.4454104,0.47372815,0.4946968,0.50767004,0.47788534,0.46097806,0.46601972,0.4429512,0.4180367,0.4877977,0.42098844,0.43044007,0.4350485,0.4793839,0.4653333,0.50070137,0.5188416,0.51706487,0.5077884,0.4686439,0.48547876,0.6062467,0.56783426,0.53993434,0.52398,0.5141668,0.55087936,0.49464446,0.5113773,0.4224234,0.5684986,0.53269947,0.57292295,0.48315322,0.4694596,0.45573887,0.40648684,0.44526684,0.52366716,0.4328833,0.42516458,0.41713473,0.47909287,0.5636385,0.55397236,0.44706818,0.43206742,0.5404183,0.5129183,0.54792196,0.51016974,0.51056314,0.41846338
0.98353153,0.52165854,0.49269375,0.8720248,0.6777022,0.5959587,0.5141284,0.7817051,0.6824875,0.46474874,0.5116432,0.51353186,0.59438956,0.53876084,0.45043853,0.40504956,0.71862966,0.773242,0.72020274,0.5386747,0.65210366,0.5495736,0.46235207,0.5159111,0.5010283,0.4026056,0.41067636,0.47199962,0.4300752,0.42790586,0.47821066,0.510274,0.4316095,0.48981404,0.5173555,0.6789973,0.38318145,0.49696502,0.5887449,0.7716005,0.45651457,0.54920405,0.5308961,0.45987082,0.44590098,0.6105603,0.45702764,0.48637402,0.52888286,0.4583895,0.560492,0.5279205,0.7024612,0.8366523,0.5214646,0.77679497,0.5413538,0.46122766,0.57114315,0.54873383,0.73802745,0.55895895,0.6337149,0.55562574,0.5391885,0.47837743,0.4893856,0.505225,0.50514466,0.45089954,0.55893445,0.4955207,0.47305617,0.47707245,0.4427045,0.4820532,0.59288746,0.49389362,0.5100269,0.5804248,0.65579885,0.4812246,0.46652028,0.5979211,0.53346854,0.48700145,0.6639958,0.41866872,0.4025057,0.67805046,0.77836823,0.56016123,0.6760474,0.6824123,0.4748127,0.5472432,0.5328407,0.43256024,0.48878977,0.58749884,0.46758384,0.89200103,0.52713305,0.4865267,0.82339025,0.405984,0.4485722,0.7879156,0.8826052,0.6621669,0.7128822,0.72251624,0.5406799,0.6163039,0.5311918,0.5282111,0.515423,0.47976947,0.53447235,0.50959975,0.46550205,0.5532547,0.5764303,0.495713,0.7506665,0.71988654,0.6529801,0.65291846,0.6077976,0.5425448,0.5969048,0.49832708,0.5020602,0.46410286,0.44906458,0.509102,0.546333,0.5257685,0.5291294,0.5782193,0.5188266,0.7706862,0.35855073,0.5598139,0.8150683,0.74876195,0.60908717,0.6576802,0.59554833,0.55435103,0.57397735,0.46289343,0.57633746,0.59502983,0.50947994,0.51296216,0.5286275,0.6167162,0.49947792,0.4939464
0.66519964,0.77879846,0.8251654,0.40054622,0.5077866,0.371622,0.9275039,0.4858132,0.23672877,0.38814977,0.4084411,0.34471712,0.48224765,0.79932237,0.94651407,0.65840775,0.3286129,0.5734512,0.2834348,0.54193014,0.33923608,0.31844926,0.25754,0.18928899,0.466144,0.34427908,0.41094866,0.35330558,0.22672448,0.42738652,0.34423697,0.19972807,0.23567054,0.18106665,0.30803108,0.22793229,0.3679304,0.4354853,0.26409617,0.27768937,0.32682228,0.37217396,0.45036346,0.35171342,0.2972653,0.38716286,0.5102147,0.42257842,0.27125844,0.23421079,0.32692426,0.22969088,0.26040965,0.20296526,0.3517098,0.23847526,0.26309124,0.2836614,0.3530167,0.2962849,0.23184007,0.34324688,0.41455323,0.42938203,0.3796017,0.38833818,0.35228014,0.37199607,0.43707362,0.3722856,0.32536662,0.4264827,0.38077977,0.48676425,0.52141005,0.5203366,0.27951667,0.27602765,0.2946132,0.30671036,0.36632732,0.4609091,0.38287872,0.4419054,0.40696773,0.28637132,0.30070588,0.24592257,0.28297704,0.24535395,0.33889374,0.39358354,0.46826562,0.38120252,0.34515554,0.38951617,0.4126825,0.49457097,0.49632752,0.49174893,0.30317572,0.446262,0.49357733,0.30507997,0.25046706,0.21601528,0.19519836,0.22000608,0.2841937,0.37109402,0.41287044,0.30662653,0.3005046,0.36435547,0.39451298,0.357057,0.47487745,0.3782819,0.5106356,0.3091349,0.3938405,0.39551112,0.26628077,0.32502395,0.38829514,0.3288332,0.3847824,0.38243708,0.40735844,0.5223786,0.5065254,0.4358294,0.422655,0.6246131,0.42066857,0.5554396,0.34817526,0.5617886,0.5777245,0.45281714,0.3852464,0.32921898,0.3251693,0.2203278,0.21381386,0.31048933,0.39551297,0.5182687,0.22148575,0.30473533,0.4634456,0.43898672,0.36812434,0.31725386,0.40568358,0.41326222,0.5335783,0.42691913,0.39116278,0.39519328
0.3925415,0.22678897,0.39058363,0.31217748,0.3122291,0.3311193,0.38481578,0.30301687,0.29546034,0.40803108,0.33015653,0.26773632,0.1798711,0.3066041,0.50643915,0.28768077,0.30099824,0.43729275,0.3162993,0.4220711,0.25091833,0.36310154,0.279582,0.31091768,0.4387606,0.35836926,0.42284176,0.49340972,0.46770656,0.4844152,0.40852383,0.28739056,0.37310764,0.27859613,0.34599346,0.2801315,0.40455487,0.35864225,0.23957397,0.24969219,0.2720768,0.23827048,0.2772899,0.31953016,0.25629994,0.23844604,0.35724607,0.30426282,0.31121847,0.27150702,0.26112422,0.3324752,0.29019958,0.35629213,0.31889424,0.27045438,0.26979363,0.24220078,0.22811066,0.30329546,0.21652938,0.27367344,0.27276608,0.34044302,0.31504568,0.28161222,0.30552626,0.25561634,0.28735688,0.3171336,0.3819794,0.39528042,0.37230504,0.37490296,0.32244858,0.29571414,0.29134145,0.36017588,0.2687441,0.23584472,0.2569079,0.311993,0.24428223,0.2628334,0.30743393,0.2790849,0.26815298,0.47748807,0.28675908,0.26826647,0.27520368,0.28086606,0.29694596,0.2710479,0.26096243,0.30726245,0.2834885,0.41721916,0.40103284,0.34868863,0.3953865,0.25313953,0.36745444,0.37663272,0.26508373,0.4460162,0.27801207,0.25995827,0.28415254,0.3019978,0.3280334,0.3713977,0.34447873,0.34968704,0.30721584,0.33829337,0.40769964,0.36666322,0.4340625,0.33523422,0.39450008,0.33478385,0.38663697,0.38330528,0.27469033,0.19846545,0.3142005,0.3155563,0.29398093,0.3342292,0.3004993,0.2623625,0.2722082,0.32296526,0.35320106,0.33481243,0.3130404,0.45140305,0.34056836,0.31007844,0.34094328,0.28581932,0.36051857,0.3616939,0.23042572,0.2543121,0.28969187,0.23094834,0.3666859,0.33408543,0.26926556,0.38437185,0.33506945,0.3521685,0.35558358,0.33612645,0.35389078,0.2209347,0.33755967,0.2582202
0.4422717,0.3172301,0.5709794,0.43388453,0.49073407,0.5554071,0.4658387,0.37021613,0.31465444,0.39542758,0.3672498,0.28966978,0.29258296,0.23146954,0.3093648,0.27538556,0.30672207,0.445038,0.317635,0.42245927,0.36142653,0.3592914,0.44266337,0.40515244,0.4807831,0.3996215,0.4817033,0.4599618,0.43856156,0.42344233,0.40859967,0.39255998,0.37022844,0.36097258,0.43485606,0.38620242,0.41099015,0.48100775,0.39835584,0.3730509,0.41054457,0.37295452,0.386195,0.40332642,0.407388,0.51155025,0.4194255,0.5135701,0.45326012,0.42507794,0.48169738,0.474878,0.4455306,0.49300104,0.48594743,0.4022817,0.46352234,0.43575713,0.36293164,0.4566073,0.48831388,0.4298718,0.5507196,0.5543832,0.50075394,0.4723308,0.51846325,0.42282993,0.5275367,0.53294593,0.588623,0.5647438,0.55386466,0.5703965,0.5176095,0.4603512,0.46548426,0.4213599,0.43202206,0.4294595,0.5337819,0.4129142,0.48450723,0.47203118,0.45902225,0.4998094,0.47644863,0.36416852,0.40094882,0.41897455,0.40733132,0.45283923,0.48390186,0.43208775,0.3334821,0.47448257,0.4909753,0.46264526,0.54686326,0.37716076,0.43397942,0.6063996,0.37535256,0.4223709,0.5146878,0.2998629,0.42379147,0.4167451,0.3969157,0.5127557,0.56847984,0.5667485,0.42493764,0.4803849,0.5168542,0.56010664,0.49718815,0.49633452,0.5923484,0.5269972,0.5314924,0.57859415,0.60070705,0.5230162,0.54514146,0.5088095,0.5022603,0.5192906,0.57445294,0.6288347,0.5936035,0.52409196,0.5337868,0.50738555,0.4506452,0.5543139,0.46237543,0.6429487,0.52207345,0.57130873,0.4958234,0.4357466,0.35250893,0.38664156,0.3494059,0.37957308,0.4698901,0.43168727,0.43776375,0.47342518,0.5421647,0.59923077,0.4780067,0.5450507,0.536279,0.56043327,0.584509,0.6026642,0.3870393,0.46319857
0.7351466,0.28020775,0.39955908,0.24745505,0.44315824,0.42344004,0.9080941,0.49279,0.22255312,0.41263658,0.33199903,0.29793626,0.31167477,0.31482452,0.4370261,0.34696445,0.51545537,0.6077241,0.38729978,0.3582278,0.4970416,0.36439258,0.35950938,0.40390527,0.44162965,0.43378314,0.44950762,0.47840124,0.55237067,0.5013551,0.36856753,0.3377216,0.3070065,0.34545246,0.33234906,0.32105315,0.41483024,0.3895127,0.31969693,0.4294385,0.3602115,0.299355,0.585138,0.38011792,0.4086356,0.5257112,0.4825777,0.5727243,0.51546305,0.42053753,0.3832425,0.3639373,0.39286426,0.45303488,0.35493037,0.3302576,0.33981377,0.26253614,0.28784868,0.29469368,0.37189305,0.33444825,0.31841242,0.41652617,0.38530898,0.5350533,0.49936795,0.46795514,0.56553286,0.5118205,0.58670616,0.45969665,0.4276081,0.55165863,0.5379517,0.37972048,0.3924073,0.3991443,0.33067495,0.4051176,0.49612188,0.40740728,0.4609212,0.46423507,0.40047628,0.40735966,0.393832,0.37042814,0.2871042,0.3499059,0.32737353,0.3743137,0.3409297,0.36640692,0.37318787,0.3915595,0.464427,0.4208618,0.5349181,0.40924948,0.48540515,0.5698865,0.47711802,0.51341534,0.4410383,0.31647685,0.2917332,0.34294456,0.31484511,0.3484821,0.28414404,0.3378692,0.40049312,0.48993513,0.5227807,0.60245305,0.4680965,0.40198135,0.54954344,0.45896906,0.4811335,0.408982,0.409954,0.47380176,0.4761,0.43871617,0.42669997,0.3479533,0.37653035,0.6530681,0.5630034,0.5170342,0.6068922,0.5354675,0.4559856,0.5431691,0.47808248,0.5974497,0.52940995,0.4707607,0.42765656,0.41323626,0.39527208,0.26315132,0.27195486,0.33278638,0.32991478,0.25535405,0.35219574,0.45336428,0.5879876,0.5929862,0.36374772,0.41546866,0.5295882,0.5320489,0.55373806,0.5401632,0.39118856,0.48540634
0.41562814,0.29964086,0.37534016,0.35384795,0.31978053,0.29932323,0.35973287,0.3654182,0.311099,0.403575,0.34915495,0.34485748,0.33945426,0.37237623,0.3155062,0.34873414,0.34267595,0.47095826,0.39730012,0.38857833,0.39146772,0.30544087,0.30663723,0.48675203,0.43331203,0.45440882,0.3730549,0.34763762,0.29189882,0.32462695,0.31795374,0.32325575,0.2775375,0.31177378,0.26226214,0.33589834,0.3551267,0.39420617,0.32022047,0.2648125,0.34439516,0.36684278,0.37289467,0.34977585,0.38565037,0.40898225,0.30483434,0.38399497,0.39709923,0.5133669,0.37252468,0.33030564,0.35033876,0.3222756,0.37785485,0.30771497,0.26438865,0.33526993,0.3603427,0.28992712,0.33283862,0.3279186,0.38905704,0.43895572,0.397013,0.31492004,0.4220084,0.33905965,0.3504256,0.37557766,0.46839526,0.3136,0.31124762,0.3196542,0.2853961,0.3034621,0.23747067,0.381603,0.27730992,0.28328836,0.3308253,0.25367093,0.30902874,0.34067,0.2691265,0.25199276,0.34489542,0.3433534,0.35650668,0.2921598,0.23688343,0.31177375,0.43436536,0.34139168,0.2978099,0.32179597,0.37537944,0.29064813,0.3522681,0.40794694,0.28749943,0.34083834,0.2712485,0.29078916,0.3190392,0.3048905,0.31398845,0.32851797,0.2659435,0.2875834,0.37078172,0.3799519,0.34311467,0.35693657,0.356892,0.40004554,0.3728819,0.3292539,0.36100522,0.3262036,0.3888092,0.4028574,0.41562554,0.30478063,0.35749218,0.3724381,0.33626226,0.40960273,0.46494934,0.45078266,0.4223084,0.37100354,0.34065333,0.337989,0.35832867,0.33245698,0.33397958,0.3863302,0.39323014,0.45345926,0.3450198,0.36599565,0.3293356,0.3405754,0.3496375,0.26551744,0.3389576,0.40998912,0.36136568,0.40400788,0.34733698,0.3947035,0.39448002,0.42606637,0.3826346,0.3618847,0.36517334,0.3621816,0.2925252,0.36448923
0.36710057,0.30151093,0.34422022,0.41410077,0.35703483,0.36184996,0.26823404,0.39196682,0.3204641,0.4337965,0.27809593,0.3270993,0.32247666,0.30005375,0.20811236,0.23738556,0.38306865,0.385357,0.33865476,0.26928267,0.34237996,0.3007714,0.24633305,0.26568708,0.38530543,0.40234312,0.32078648,0.33095056,0.36159194,0.30857053,0.31557336,0.2747696,0.29599667,0.31389976,0.28910843,0.33004317,0.38951623,0.31790087,0.31038672,0.27516085,0.2850775,0.34961876,0.28829592,0.2897914,0.22923352,0.28030276,0.2894645,0.2358782,0.24285303,0.24773599,0.5130897,0.28378412,0.36156675,0.3909191,0.36382657,0.355388,0.31209067,0.31229645,0.3102745,0.26360905,0.33345053,0.2714144,0.32205144,0.29265028,0.30322954,0.27071354,0.235827,0.2595576,0.23185685,0.24561068,0.3116082,0.28764695,0.32887107,0.24618483,0.2748476,0.33830917,0.25310472,0.33420774,0.25990912,0.28432506,0.2758687,0.31801265,0.26182318,0.30080527,0.27467886,0.23979375,0.30128524,0.28230968,0.26089928,0.34747773,0.27292624,0.287196,0.38689956,0.27790704,0.28050876,0.25288358,0.25615886,0.269315,0.26555315,0.3134086,0.2531233,0.24927942,0.30165517,0.22783577,0.30695125,0.2719369,0.2979699,0.32958493,0.31019795,0.2850053,0.33514988,0.2920015,0.24154736,0.25146794,0.2544656,0.29047793,0.2766639,0.2990203,0.32609963,0.22623535,0.2342072,0.3095372,0.2735287,0.25145918,0.27800927,0.3041892,0.33301458,0.33007208,0.28490743,0.29528514,0.30127648,0.2745714,0.2794065,0.30094647,0.32548344,0.33411354,0.27181637,0.32827345,0.35082504,0.3041571,0.24973719,0.31479943,0.31966698,0.34336692,0.357516,0.29466495,0.27374753,0.31421518,0.23977849,0.26506397,0.31542823,0.28621715,0.31867936,0.29992518,0.2643016,0.26555002,0.28241584,0.29492265,0.32494465,0.24407819
0.74484175,0.4909831,0.3910055,0.3174397,0.41176805,0.286158,0.2724263,0.46904117,0.35907796,0.38226718,0.36158022,0.32686844,0.36435607,0.35210007,0.38823655,0.37258664,0.33318937,0.41358334,0.32931694,0.44051254,0.36503386,0.3046657,0.24829407,0.27623013,0.317974,0.3084151,0.31423068,0.29319492,0.32054144,0.28296193,0.28330564,0.2492365,0.25110748,0.2759874,0.32442173,0.33322525,0.46831736,0.4749177,0.31927344,0.33375305,0.27564314,0.24659549,0.28728306,0.30154994,0.35619393,0.4287239,0.35112286,0.3533249,0.32194787,0.31804517,0.40703893,0.3498052,0.42525417,0.27300984,0.50199705,0.36650562,0.31707525,0.24655086,0.26007867,0.34763855,0.37391838,0.32510096,0.37213045,0.4012473,0.3397337,0.32580784,0.29557276,0.3242378,0.30829307,0.2704718,0.21929376,0.3132293,0.25966662,0.3143794,0.32802483,0.29696837,0.2787947,0.36436296,0.29728496,0.29662505,0.3353674,0.33142605,0.25115576,0.27164736,0.26289994,0.28423443,0.3510427,0.32251066,0.28498968,0.27781457,0.22897829,0.24870329,0.2776284,0.28994656,0.25307345,0.3093983,0.3916729,0.4375317,0.44529912,0.3938944,0.36353874,0.45342985,0.3674941,0.34266382,0.3847944,0.3051883,0.3354393,0.31973973,0.25446314,0.2937146,0.3065377,0.34039965,0.27572155,0.275367,0.2641784,0.23756766,0.29388115,0.25099796,0.2846217,0.27317086,0.33430058,0.42359647,0.42029032,0.35434505,0.33178475,0.32388905,0.2836137,0.34847856,0.432208,0.39764214,0.29249707,0.2977414,0.26676312,0.32494953,0.30954224,0.26184306,0.2960679,0.4418303,0.44382507,0.4957568,0.31594282,0.3213661,0.3619627,0.32403705,0.29701072,0.2759425,0.22910102,0.23926152,0.25284156,0.28317043,0.39768657,0.38747957,0.3176244,0.31188312,0.33969313,0.27679116,0.32941505,0.41176158,0.32203752,0.23938957
0.46675918,0.29357296,0.31615525,0.39879933,0.329741,0.35139853,0.30434936,0.4979042,0.41698137,0.3847285,0.39811498,0.42189083,0.3644554,0.3572187,0.3656473,0.3112337,0.51998025,0.4290978,0.45638087,0.41392675,0.402888,0.36659047,0.41023317,0.4291057,0.38555148,0.45268872,0.35451195,0.3679446,0.3734811,0.33958694,0.36860287,0.3562879,0.2577232,0.36344206,0.36740404,0.43742085,0.34462464,0.31057352,0.4005501,0.405936,0.43047768,0.36245075,0.42182124,0.3667301,0.38539517,0.36169806,0.36943564,0.3552473,0.376872,0.35343406,0.39529797,0.365358,0.33559227,0.5956892,0.35157567,0.43231463,0.32596827,0.31225076,0.33101785,0.34030274,0.3796126,0.4054017,0.4126627,0.36556032,0.28547934,0.36208293,0.37721607,0.35126194,0.36914298,0.37436876,0.37786505,0.44542456,0.45215362,0.35676447,0.34026238,0.43805882,0.3361205,0.3468262,0.40821618,0.39489946,0.37117678,0.3383249,0.33918577,0.39940363,0.3329717,0.36100408,0.34081653,0.23735426,0.25924557,0.361122,0.31102735,0.37724832,0.4174696,0.3864167,0.32974434,0.37129042,0.35274038,0.30475953,0.30145353,0.3292803,0.29295248,0.29698285,0.27896374,0.34571844,0.31501314,0.2314919,0.2700392,0.36964166,0.33311245,0.37585622,0.42011672,0.39830917,0.38584033,0.41264823,0.33835074,0.35723022,0.39692047,0.36837393,0.2905519,0.31651008,0.30889878,0.35804015,0.30393115,0.32740495,0.33682492,0.31632194,0.33658585,0.40535185,0.34704515,0.34360823,0.38979083,0.3721032,0.3395558,0.40527818,0.36666587,0.26768014,0.3125759,0.37722477,0.36025664,0.28415614,0.26255536,0.28596887,0.27826044,0.3112043,0.3566088,0.29232872,0.32548833,0.3935571,0.34920236,0.39345586,0.33577713,0.32081264,0.35394698,0.29072005,0.35771757,0.402662,0.4082732,0.30044916,0.32597935,0.30664966
0.30105332,0.25837368,0.238874,0.42694676,0.28863093,0.25132427,0.29640898,0.2843258,0.24410531,0.3298129,0.216176,0.23199159,0.2568019,0.23396942,0.21691394,0.30469862,0.5405257,0.39638168,0.3494507,0.28813952,0.31838727,0.25798216,0.26851097,0.31444782,0.38655746,0.43611184,0.28042147,0.38483456,0.34113193,0.35726815,0.30061927,0.22343624,0.20575142,0.25607687,0.281266,0.35203215,0.31352913,0.34861147,0.27570212,0.27592507,0.28440985,0.28443348,0.30462706,0.3159511,0.2834151,0.29701176,0.36456534,0.2951327,0.31899694,0.37008047,0.3576613,0.28368583,0.34061927,0.4778011,0.3206964,0.2918907,0.32116187,0.25445765,0.28167138,0.2600243,0.29154733,0.2772896,0.31146002,0.33231425,0.34414512,0.27911195,0.28895524,0.3114405,0.31613716,0.29872042,0.3703814,0.32007203,0.37358084,0.2991228,0.30359063,0.30973443,0.28231573,0.28859574,0.2795279,0.27400962,0.31978577,0.334949,0.2792884,0.2937951,0.3222972,0.26691395,0.37650076,0.47706297,0.32058653,0.31536445,0.25363812,0.25369462,0.29808658,0.25787273,0.25829002,0.27645612,0.281359,0.3275559,0.29983464,0.27980164,0.290122,0.31514284,0.3532476,0.22680917,0.3366417,0.42207098,0.27837542,0.26575845,0.2576804,0.26513,0.28164008,0.3017807,0.32937542,0.3048475,0.2953353,0.32563728,0.31424487,0.31967372,0.30415556,0.25668576,0.27091676,0.28621614,0.26741925,0.25586694,0.310169,0.27585497,0.28782484,0.30820128,0.28481337,0.3045055,0.24962631,0.33823615,0.35083404,0.33027557,0.3715466,0.29264155,0.27161887,0.30424428,0.3122692,0.27944022,0.24313693,0.3259745,0.4095111,0.33014014,0.3248389,0.28634486,0.26740623,0.27641815,0.2809521,0.28063235,0.32823166,0.31622306,0.32236338,0.31009814,0.30586463,0.2820157,0.26793307,0.30463856,0.35774216,0.25469613
0.5848768,0.5703593,0.8256898,0.49636292,0.7111964,0.4359109,0.8109452,0.59713906,0.8893147,0.6993289,0.47451016,0.425072,0.41278914,0.4042015,0.34820592,0.8038228,0.94428194,0.6786152,0.79696137,0.8951963,0.52697486,0.47327566,0.37090155,0.9603789,0.9556199,0.84306556,0.9640433,0.7696737,0.5673727,0.6915219,0.6865832,0.35927588,0.43808204,0.3374839,0.5527043,0.5413375,0.6466692,0.42462566,0.27592334,0.36427605,0.33960524,0.3502856,0.34450993,0.3565432,0.35963205,0.32874244,0.41655597,0.34768575,0.37576598,0.41547707,0.43116975,0.51760024,0.8102296,0.46200383,0.4599294,0.28721198,0.29428798,0.37045187,0.32961076,0.3766112,0.32338858,0.33183104,0.29871985,0.5059618,0.3876446,0.34097603,0.47357523,0.3038674,0.8232356,0.8534708,0.99712884,0.93099535,0.5411126,0.75558054,0.57042587,0.33565876,0.36021617,0.5361289,0.2672679,0.3254452,0.30881324,0.3352251,0.24641865,0.27953264,0.3947014,0.28261063,0.7089571,0.7087676,0.54575866,0.3036458,0.30936742,0.26416984,0.2982665,0.28902897,0.30084613,0.2543103,0.23450835,0.38233826,0.359701,0.2547612,0.30242926,0.21715105,0.23891981,0.41076005,0.33711004,0.64010376,0.6530443,0.2512297,0.3269985,0.27980268,0.28208417,0.36084545,0.28362012,0.4425246,0.6261681,0.8885034,0.68187773,0.30170545,0.75892335,0.38132358,0.3646511,0.30886367,0.31789914,0.47904813,0.30086678,0.26232094,0.3038137,0.28453904,0.35120362,0.29819852,0.37184602,0.457233,0.79163855,0.6627816,0.28450608,0.70958793,0.3669237,0.4192399,0.3533271,0.35997966,0.639382,0.70798737,0.6698375,0.6892099,0.27258435,0.27708542,0.25774607,0.2819903,0.27362415,0.37075123,0.28210238,0.35583213,0.29690543,0.303701,0.31647164,0.38628915,0.28091133,0.28122652,0.32415214,0.3268685
0.3504911,0.29882666,0.32105067,0.3887749,0.4168443,0.34861726,0.3271397,0.3720693,0.47613454,0.79852587,0.29684034,0.26597965,0.31061527,0.25718427,0.23546746,0.21671343,0.40960878,0.6691515,0.3947643,0.3585274,0.33826944,0.31271097,0.32151753,0.7411719,0.92869467,0.74830914,0.93400395,0.51803076,0.42284325,0.4853405,0.58632535,0.381875,0.32125258,0.2868921,0.26346576,0.3147579,0.4850228,0.3229531,0.37692955,0.3441679,0.26081136,0.25586805,0.24971743,0.33407333,0.2919988,0.30916718,0.32312405,0.234237,0.23129582,0.24341413,0.33251378,0.27134794,0.30986083,0.3940628,0.35025525,0.34441006,0.36312747,0.23853688,0.25321013,0.23591614,0.34725338,0.2843386,0.24802785,0.27292404,0.3144411,0.24840139,0.26675043,0.28774083,0.3522459,0.5545149,0.93062884,0.69388914,0.36186823,0.3740232,0.3277873,0.2809264,0.2544493,0.43237036,0.2436426,0.27001297,0.26839843,0.2821254,0.23165818,0.24346158,0.3181013,0.2247571,0.27712965,0.40825593,0.2918838,0.29019898,0.293375,0.21387172,0.24791308,0.20571959,0.20736134,0.2423132,0.2310963,0.23512773,0.20609348,0.24472845,0.2531071,0.3117261,0.25546753,0.20027354,0.28149837,0.41721806,0.31893244,0.32280344,0.29855576,0.23135734,0.26138237,0.23597011,0.22736087,0.23366806,0.31795058,0.39296898,0.4093879,0.2919883,0.4919299,0.2156502,0.26858804,0.29072705,0.24027537,0.25246468,0.23760627,0.2590491,0.22582673,0.25171402,0.22241136,0.1919609,0.21358965,0.3020638,0.2888885,0.31926095,0.26095676,0.35366192,0.18485989,0.24974237,0.24718043,0.20737605,0.213862,0.24754772,0.33386824,0.29819685,0.33450767,0.28450772,0.23650184,0.2532123,0.25214097,0.211587,0.25552675,0.23914452,0.26495135,0.23539598,0.22921811,0.2379052,0.2569801,0.22902864,0.23963162,0.20720333
0.42810914,0.39375558,0.41462892,0.35000485,0.57953537,0.59855473,0.45660773,0.39752045,0.3924889,0.30729583,0.35486495,0.33080414,0.32462808,0.3081701,0.27912784,0.3639667,0.5750252,0.3641093,0.3584789,0.40285912,0.34516478,0.29238284,0.2957301,0.5788247,0.6669626,0.6592525,0.6728666,0.3608338,0.36709407,0.35443693,0.32383114,0.26884288,0.27384138,0.27042052,0.312393,0.31758937,0.28622293,0.33404,0.29929015,0.44604248,0.23977724,0.23974101,0.34589934,0.28824967,0.272763,0.27640676,0.3417557,0.2459882,0.3141139,0.28252512,0.27949125,0.3017633,0.29912415,0.40141174,0.33908257,0.27684113,0.26330897,0.21294077,0.24317248,0.24310443,0.28575954,0.2627725,0.24871954,0.3149738,0.3084647,0.29714623,0.30080214,0.26340112,0.39759022,0.3968883,0.7052359,0.41501656,0.25967813,0.34116778,0.25596988,0.25931746,0.24802926,0.25411966,0.22975358,0.2979809,0.32696915,0.2876089,0.2244252,0.23301609,0.26866704,0.22970685,0.29197487,0.18277748,0.28938684,0.2956612,0.23176058,0.22067125,0.2200345,0.20353204,0.23621906,0.22744247,0.21420787,0.2508004,0.22758661,0.22377844,0.17642216,0.23285492,0.23805371,0.20739472,0.2250837,0.20067877,0.2844397,0.2505252,0.24178058,0.2051968,0.23913385,0.28497994,0.18894008,0.24391599,0.23786004,0.44416654,0.33291417,0.23589583,0.31868637,0.22206673,0.28940135,0.2641564,0.29183328,0.26548967,0.26321554,0.26861045,0.26717913,0.27006257,0.28770065,0.20949164,0.2672684,0.2505604,0.3197501,0.31183657,0.24877498,0.26597905,0.23162352,0.29717743,0.25550145,0.2729669,0.28048536,0.28200328,0.22036691,0.31357798,0.30310836,0.25113237,0.227862,0.23743594,0.25690472,0.24434033,0.29161087,0.28972885,0.24659817,0.28558004,0.2708313,0.27626982,0.26425055,0.26453617,0.28666148,0.25808167
0.39896464,0.58395123,0.6831794,0.54630095,0.458842,0.30573013,0.40925527,0.36972606,0.36339223,0.36412954,0.46307847,0.5257827,0.44019574,0.3513623,0.5053736,0.23790191,0.3007697,0.3097997,0.23843321,0.31251773,0.27106637,0.23188482,0.21959609,0.27076682,0.30161378,0.35295105,0.39381644,0.31409723,0.22127713,0.4913872,0.22043416,0.24931297,0.32096547,0.23434429,0.19690558,0.17865412,0.2641562,0.24601051,0.21319953,0.3589199,0.23028289,0.2502367,0.25091958,0.28542718,0.19732834,0.24941337,0.2762937,0.23200972,0.25393215,0.2599594,0.34076998,0.26841065,0.21293652,0.18673696,0.21342169,0.20284663,0.19410016,0.1990257,0.24738719,0.18146817,0.24046153,0.20949115,0.23338754,0.22029713,0.18300584,0.16304407,0.20718881,0.18972318,0.23241866,0.23206186,0.23635209,0.20237456,0.24114904,0.20343485,0.23168263,0.21199745,0.23329635,0.27098817,0.21747684,0.21068768,0.25770688,0.26880038,0.20026155,0.22982672,0.29339337,0.19396858,0.22573105,0.24697681,0.21945876,0.23544492,0.32109624,0.19816977,0.2627021,0.21579683,0.21703331,0.19014117,0.23637052,0.23259231,0.21144103,0.20788069,0.22098422,0.25276774,0.2784087,0.23301284,0.20729014,0.2081615,0.20325072,0.2422572,0.35683414,0.1939311,0.25846273,0.25015417,0.21967877,0.24135585,0.2402146,0.22504626,0.20022358,0.24515882,0.21956228,0.17746389,0.27883786,0.24306744,0.23184144,0.24432358,0.27781639,0.20266338,0.19077247,0.20957838,0.19908129,0.19992319,0.1763345,0.20474917,0.19277693,0.20825939,0.25172275,0.22469766,0.16788414,0.23161228,0.218328,0.23508345,0.19395551,0.18154547,0.19202623,0.21175818,0.25947443,0.2928888,0.1885217,0.242332,0.22086793,0.2263312,0.2176468,0.23980105,0.25590336,0.23660313,0.2176246,0.2454961,0.19872636,0.24240716,0.30346406,0.24145555
0.70168257,0.3266462,0.30373272,0.27362975,0.30594248,0.26367885,0.55170316,0.3062013,0.24573371,0.39158258,0.25261953,0.27303067,0.21463591,0.23443967,0.26673213,0.39885074,0.30675724,0.4074042,0.60001,0.29829186,0.24431165,0.22925717,0.2632951,0.60506415,0.4198292,0.33623987,0.3478385,0.3045106,0.3025897,0.3401828,0.33662277,0.3020149,0.2615507,0.2763109,0.3316272,0.19650346,0.25986958,0.26664573,0.2629666,0.27352178,0.22171502,0.2658498,0.2712984,0.28416744,0.25828817,0.24314924,0.29718965,0.29761064,0.34823206,0.26322475,0.3010356,0.4071258,0.21250242,0.21404056,0.28509533,0.24124435,0.2124215,0.20707919,0.25258526,0.23131321,0.18438451,0.19313863,0.21926475,0.2705609,0.28779215,0.26525915,0.29602385,0.23855676,0.2665887,0.26409706,0.45337445,0.3710038,0.2663547,0.29055625,0.26521406,0.27505928,0.29052618,0.27740625,0.23310885,0.26924697,0.25988713,0.26526305,0.26781654,0.2372694,0.29493925,0.28148717,0.17748135,0.2024315,0.2789264,0.20976736,0.26367062,0.18532921,0.2706135,0.19926463,0.21045886,0.23551795,0.19818847,0.21392862,0.2190137,0.24190868,0.2737584,0.22937551,0.24975255,0.3014336,0.19855808,0.23102117,0.30698147,0.22813033,0.28707772,0.20425501,0.2517419,0.26389042,0.24836148,0.2828489,0.25656474,0.27315238,0.32435402,0.20623259,0.28981656,0.22239333,0.24155518,0.26876855,0.27036855,0.29082018,0.23758654,0.19772378,0.193194,0.26523995,0.23385878,0.21163303,0.23159146,0.24299799,0.23055916,0.33973867,0.23691615,0.26778412,0.20943728,0.2527218,0.2867033,0.2318071,0.2685178,0.18602718,0.26993522,0.27064413,0.21422234,0.24363457,0.19775084,0.24353836,0.2546526,0.29693827,0.21301839,0.25125197,0.254552,0.24382634,0.2874836,0.33486354,0.26964137,0.21659994,0.28278372,0.2842453
0.9427295,0.20774257,0.24312732,0.23719488,0.23230433,0.2988359,0.26028666,0.17745733,0.16749863,0.2668682,0.16423139,0.20482647,0.17218596,0.20042026,0.19343273,0.17935713,0.26153213,0.4669624,0.5302923,0.23204876,0.2962997,0.2037576,0.1857171,0.36267483,0.2943134,0.6002031,0.23533438,0.24748814,0.26479042,0.22607341,0.23870723,0.21838382,0.23793885,0.21440393,0.1910479,0.43466914,0.50228465,0.29522204,0.31216273,0.24289875,0.20326144,0.22946405,0.20742477,0.24989626,0.21681842,0.21056142,0.2945027,0.17536998,0.18773605,0.18218645,0.20685329,0.22282884,0.45305187,0.5552358,0.27694112,0.34483874,0.18564576,0.15536152,0.21582884,0.20109437,0.19953465,0.20541953,0.20823534,0.21277215,0.1822048,0.17544444,0.2035789,0.18668449,0.23501444,0.23360969,0.32369485,0.2588311,0.19448584,0.22324553,0.21568173,0.24165262,0.23555961,0.22719961,0.20575409,0.20621061,0.18318273,0.24713856,0.1772056,0.20811974,0.2571727,0.21153621,0.51979107,0.61144394,0.27076825,0.2920016,0.20047294,0.20228331,0.21136673,0.21032786,0.20568517,0.21453328,0.19757247,0.24140964,0.18655042,0.18723367,0.18623278,0.22031309,0.21793501,0.18477009,0.35867965,0.46249413,0.29353324,0.29897848,0.21265322,0.1898788,0.19747296,0.18803866,0.22408873,0.1912685,0.22508942,0.2519354,0.20724156,0.1830912,0.15315557,0.1557981,0.20991544,0.2355021,0.19273815,0.2135215,0.2016315,0.22184679,0.18883492,0.21536104,0.12878351,0.1696612,0.15115377,0.20460403,0.21266566,0.21924101,0.18467903,0.15041368,0.18646051,0.22835883,0.20349704,0.16453312,0.21061952,0.4656746,0.44399935,0.2429711,0.3148677,0.18246351,0.17881945,0.1940221,0.17136642,0.19903547,0.21950287,0.24060628,0.21063778,0.19374298,0.23809971,0.22892974,0.22017825,0.21490686,0.23436894,0.21806549
0.6281019,0.23071243,0.35449237,0.2851664,0.34093782,0.28366232,0.3694482,0.33083442,0.2850455,0.4824712,0.29381505,0.32011947,0.34087163,0.33239546,0.4581192,0.34197482,0.37148178,0.685867,0.4371421,0.4042002,0.52216214,0.25963405,0.28263646,0.35370612,0.29805353,0.28689533,0.36031604,0.3282987,0.26083374,0.2798542,0.2842833,0.29033035,0.29275832,0.31584433,0.28020537,0.28441584,0.5331333,0.25808293,0.31556514,0.30327415,0.21339762,0.28318793,0.22377436,0.3025279,0.24281128,0.25588596,0.30535153,0.23515666,0.22927444,0.23182298,0.35428962,0.2829158,0.34128645,0.2923886,0.31445697,0.35148332,0.182998,0.2178682,0.31653643,0.26611888,0.2801515,0.25176656,0.33249527,0.2435567,0.2985515,0.24754904,0.26680538,0.26825306,0.2656488,0.28310642,0.28614065,0.27429077,0.24992149,0.2899218,0.30708766,0.2653253,0.27610192,0.35582733,0.2385709,0.28908062,0.292303,0.28471065,0.20064871,0.25028762,0.26297772,0.25597176,0.3666974,0.5276924,0.28957844,0.39295402,0.28766522,0.2638697,0.35595128,0.23709781,0.2505974,0.21819109,0.23723742,0.27528417,0.33252564,0.29622364,0.23056974,0.3166727,0.2679148,0.25147298,0.25013524,0.47093204,0.29611024,0.32160637,0.3040536,0.24704488,0.34482056,0.23960218,0.20933472,0.19535847,0.2459048,0.24658689,0.23268092,0.20645587,0.2457743,0.24536674,0.3553432,0.36856216,0.2464198,0.28951743,0.28245866,0.24314603,0.2856019,0.3037357,0.22803071,0.2640744,0.21917629,0.26691952,0.27280533,0.26543,0.26498088,0.30651325,0.24754179,0.30643633,0.38600317,0.3616385,0.35696718,0.27176043,0.5509818,0.21316603,0.3298073,0.27887285,0.25024736,0.37232283,0.24678119,0.19719577,0.22032137,0.30947933,0.24860342,0.22722046,0.27129087,0.28728124,0.2380932,0.27866137,0.27741447,0.21477067
